// Randomization seed, set to NONE for time(0) as seed
time_seed=0

// Output variables
write_freq=100
disp_freq=50

// Algorithm demands
best_count=10
pos_threshold=1.0e-15
speed_threshold=4.4e-8
change_check=100

// Anneal determination properties
anneal_factor=0.25
anneal_initial=0.001

// Mutation Rates
mutation_rate=0.15
double_mutate_rate=0.2
triple_mutate_rate=0.05
gamma_mutate_scale=10.0
tau_mutate_scale=10.0
coast_mutate_scale=10.0
triptime_mutate_scale=0.5
zeta_mutate_scale=1.57
beta_mutate_scale=3.14
alpha_mutate_scale=3.14

// Thruster
thruster_type=0

// Determines initial velocity magnitude
c3energy=4.676e6

// Final conditions of the earth on impact date
r_fin_earth=1.00021392223428
theta_fin_earth=0.199470650149394
z_fin_earth=-1.54878511585620e-05
vr_fin_earth=-3.32034068725821e-09
vtheta_fin_earth=1.99029138292504e-07
vz_fin_earth=-9.71518257891386e-12

// Final conditions of the asteriod on impact date
r_fin_ast=1.02696822710421
theta_fin_ast=0.238839574416454
z_fin_ast=-0.0526614832914496
vr_fin_ast=-2.05295246185041e-08
vtheta_fin_ast=2.29132593453064e-07
vz_fin_ast=8.00663905822009e-09